100
 204    0  255
 191    0  255
 179    0  255
 167    0  255
 155    0  255
 142    0  255
 130    0  255
 118    0  255
 106    0  255
  93    0  255
  81    0  255
  69    0  255
  57    0  255
  44    0  255
  32    0  255
  20    0  255
   8    0  255
   0    4  255
   0   16  255
   0   28  255
   0   40  255
   0   53  255
   0   65  255
   0   77  255
   0   89  255
   0  102  255
   0  114  255
   0  126  255
   0  138  255
   0  150  255
   0  163  255
   0  175  255
   0  187  255
   0  199  255
   0  212  255
   0  224  255
   0  236  255
   0  248  255
   0  255  248
   0  255  236
   0  255  224
   0  255  212
   0  255  199
   0  255  187
   0  255  175
   0  255  163
   0  255  150
   0  255  138
   0  255  126
   0  255  114
   0  255  101
   0  255   89
   0  255   77
   0  255   65
   0  255   53
   0  255   40
   0  255   28
   0  255   16
   0  255    4
   8  255    0
  20  255    0
  32  255    0
  44  255    0
  57  255    0
  69  255    0
  81  255    0
  93  255    0
 106  255    0
 118  255    0
 130  255    0
 142  255    0
 155  255    0
 167  255    0
 179  255    0
 191  255    0
 204  255    0
 216  255    0
 228  255    0
 240  255    0
 252  255    0
 255  244    0
 255  232    0
 255  220    0
 255  208    0
 255  195    0
 255  183    0
 255  171    0
 255  159    0
 255  146    0
 255  134    0
 255  122    0
 255  110    0
 255   97    0
 255   85    0
 255   73    0
 255   61    0
 255   48    0
 255   36    0
 255   24    0
 255   12    0
