50
 204    0  255
 179    0  255
 155    0  255
 130    0  255
 106    0  255
  81    0  255
  57    0  255
  32    0  255
   8    0  255
   0   16  255
   0   40  255
   0   65  255
   0   89  255
   0  114  255
   0  138  255
   0  163  255
   0  187  255
   0  212  255
   0  236  255
   0  255  248
   0  255  224
   0  255  199
   0  255  175
   0  255  150
   0  255  126
   0  255  101
   0  255   77
   0  255   53
   0  255   28
   0  255    4
  20  255    0
  44  255    0
  69  255    0
  93  255    0
 118  255    0
 142  255    0
 167  255    0
 191  255    0
 216  255    0
 240  255    0
 255  244    0
 255  220    0
 255  195    0
 255  171    0
 255  146    0
 255  122    0
 255   97    0
 255   73    0
 255   48    0
 255   24    0
